44.75777964135519
44.31109295847851
43.56018907769287
42.536982903234914
41.23027430462641
39.756192546552434
38.10064604488976
36.29851932823214
34.39111325533935
32.38487211006088
30.3103052334333
28.209507434648327
26.12179149587368
24.06594088603188
22.078802497558492
20.171591483254506
18.357686589778936
16.665571738739736
15.173507507322757
13.926157052395538
12.949774092272518
12.24879304765185
11.86414077189779
11.738656125835266
11.930892188789363
12.450853787708096
13.293642648384223
14.417544213609938
15.803167469521767
17.40711971592569
19.175470477131565
21.04928959979608
23.00333798556208
25.01800286007011
27.06031819729914
29.091841093960316
31.083691144205005
33.015807121955625
34.8698042974494
36.63338389961826
38.288964220280896
39.82510538753257
41.195115831999125
42.33757664686212
43.248155185969125
43.92380226325615
44.34805492748125
44.477040238595464
44.2869058187192
43.80167133016684
42.93190747240575
41.78711442994293
40.461315460754825
38.94843796289568
37.27553044252601
35.48795484933519
33.63070745940601
31.683542990409556
29.6804018135055
27.660380924302725
25.655475552754954
23.696945025573115
21.80616431854855
19.976005975803638
18.232588297640202
16.63063448159207
15.216544059011769
14.048173847963847
13.170917617449216
12.576886510101632
12.2853968038067
12.320593160396013
12.671242349492719
13.3020038377209
14.216303623098247
15.403599939424984
16.80547744119387
18.382309792454063
20.094576915113592
21.899644994317963
23.78971750772108
25.73228387267683
27.7004552923051
29.65838988670002
31.59986075169974
33.50093120064853
35.322017926236526
37.04209764160605
38.630327496670134
40.06499834409381
41.32682593422223
42.381404212239715
43.17758617302816
43.76310881115908
44.08846053310161
44.11730310254677
43.87505089536439
43.32719738614094
42.42199621084202
41.33037908449237
40.0215506729244
38.48277061164478
36.82058323934504
35.02850701836311
33.12173128777701
31.150526773289755
29.1706606658104
27.188700818084662
25.216611163230287
23.292280653758947
21.46278796489758
19.75742778378053
18.19150321952046
16.752167190078648
15.459385966523968
14.404042634604561
13.58727979536104
13.054855933452954
12.829494405686198
12.906239245646637
13.27464246981961
13.939108212210309
14.890552359161324
16.071892989197725
17.43450113590238
18.95677389760874
20.6258693184943
22.397705417208257
24.233939489329703
26.118868621146678
28.03980441730186
29.969085189656862
31.88192368402893
33.740749908410166
35.50682716032527
37.16763356099636
38.707920531759015
40.08129907178965
41.29199361988099
42.290503426171526
43.02028335941005
43.53797171410363
43.78056581694285
43.75859424960217
43.509079272203515
42.974731857630005
42.15541833460705
40.99432068085855
39.690142734005114
38.1550296375945
36.47014260249554
34.670754609220566
32.78403777050402
30.84703249977879
28.906806647139003
26.942414978873057
25.011821754563897
23.181363852194092
21.438790770099583
19.78514987713168
18.223760057894637
16.829589543290044
15.617038192930224
14.646164704910744
13.931288221798068
13.502002750489455
13.370836040745838
13.494702884504134
13.909067086117775
14.631915728677399
15.574702623293213
16.744703704376
18.142647241661248
19.672127930095826
21.308506699977563
23.006715218335433
24.771731970488364
26.601352662263285
28.47098920725537
30.330744809199018
32.14673648264769
33.91452009652901
35.64042787888702
37.220494451867225
38.64813385479325
39.944851946639325
41.09319036397693
42.0249121307115
42.76650117467747
43.22144563682645
43.41288462603906
43.310082041134045
42.91645398262511
42.22913558251614
41.31582443704733
40.19451095031972
38.8883614092335
37.32550249590963
35.65132104668705
33.84097570430279
32.02896343951975
30.15096430438026
28.306952695632525
26.502330746036836
24.71709216742727
22.983796179300523
21.337809409221222
19.809152292993332
18.40114085691531
17.145987139580786
16.07035774534826
15.195057458300438
14.583812934033316
14.215291240255413
14.12837396792188
14.326047611120924
14.77801660014979
15.48794189529655
16.45063002147414
17.611306002814736
18.94973761363348
20.42482430092087
22.013715412034255
23.69341653167518
25.439788510620154
27.238988842281202
29.059937441756222
30.894716933306036
32.67496477630401
34.39911995991897
36.020564647224454
37.562637147470106
38.97103388495099
40.235611280254595
41.32002965120474
42.17678501046941
42.77870399621961
43.07981407017223
43.12023146358001
42.86367780928402
42.318451039932086
41.4950620155411
40.46432654643035
39.26157297578261
37.928497839719135
36.42687360999927
34.800208071146905
33.07957631741461
31.274055392708476
29.457679549487004
27.649548409026607
25.858901972737474
24.11627855322448
22.4443475783314
20.85220076408134
19.377089983566584
18.047659162873085
16.91574743927151
16.018556321491353
15.33496957327884
14.92535059636432
14.72914392606438
14.791990599733381
15.103246411956272
15.661926485043985
16.447805662147008
17.439078250576
18.599506045608752
19.919461200685422
21.37363506944644
22.944128197499104
24.59655559161941
26.317527903715572
28.059914269576094
29.82168201182623
31.56214891628479
33.264354504284306
34.89018912711898
36.41287573313339
37.877248427944
39.17765122689291
40.32744714016977
41.27385573564379
42.01889033866288
42.51630411383371
42.7369101761835
42.62968345560724
42.24630415203367
41.5849233109313
40.69620662034085
39.64872999379128
38.395314011844384
37.026785118909046
35.52648283123005
33.90292178119487
32.197226136873894
30.458927067713518
28.70469277366699
26.938314022765557
25.227035186764688
23.574174859826623
22.022036139268398
20.593671253489212
19.29038907214447
18.13106729781269
17.11255805678393
16.273937956925508
15.682535029186132
15.30056178717479
15.158636004177168
15.259256525113083
15.61745126514517
16.21099155636721
17.029175628506326
18.047919825234175
19.250770102537565
20.57692370827936
22.012978828761717
23.534989093026976
25.148032903860273
26.811063647134574
28.52744478135847
30.259331846446667
31.945961901200018
33.6403889786346
35.22443645214093
36.77671904304405
38.17229116792125
39.4205291025702
40.48036930071795
41.34308209494146
41.93108658542693
42.26620500397687
42.34410741349116
42.21508184960763
41.81817056734129
41.23083570315398
40.36629983559462
39.35029952774204
38.12453938624064
36.67671528329251
35.095367857724085
33.42431764402072
31.705300886652534
29.958908519381165
28.22105466291574
26.508220393191063
24.843862254638413
23.249704661393007
21.7605925900742
20.399115119767355
19.11410175544528
17.998572354638036
17.051626729008376
16.313600568674467
15.77897292304355
15.474012389928815
15.413043672834352
15.59864264848521
16.02341840284875
16.676679536679536
17.54793984850685
18.59675443463548
19.791525463559186
21.121909959716955
22.574239317027086
24.11177722643178
25.706741330021934
27.347151730906084
29.002823310716607
30.65211205749631
32.267616568886986
33.833332099991466
35.32269816174237
36.73501993086764
38.03637921148439
39.202125860068605
40.20187262844412
40.99828738731219
41.56124563827676
41.875750810010295
41.92569781819158
41.71665203201577
41.24177773232816
40.5341139065277
39.60819947449684
38.48580197526031
37.188552857737
35.755485008720264
34.22597962567781
32.62699125599627
30.979173336292117
29.30968556867023
27.644865002207013
26.026822023486716
24.469063216691264
22.99205562442763
21.61982178441899
20.35425360756639
19.210104304454227
18.214201636890405
17.39659620881856
16.790094211734633
16.4009372846804
16.233353695241806
16.291394650561443
16.56389813316097
17.034126731968264
17.700841006940546
18.554935140587926
19.58162509992339
20.76484598337147
22.075213726182017
23.487311469247192
24.98485781576985
26.551049339899823
28.159178997124382
29.782147396719502
31.391651411043004
32.96599203053009
34.47788119014822
35.91219197915671
37.239936366552584
38.426459974732914
39.45167399959825
40.28558189839088
41.06521108843724
41.49898318546706
41.68472856418062
41.62521276672266
41.24200136616056
40.69771975764063
39.881497617909076
38.85077422758974
37.632359226830566
36.26325357025428
34.77501699274492
33.21248485470983
31.604863031124616
29.97929070657786
28.364574530132245
26.789839660357178
25.268541481886
23.80634493697157
22.42327965611005
21.132514948059978
19.95747318530846
18.93199858253277
18.078853302503802
17.412680873597733
16.943495309129137
16.66923691685697
16.58277153152275
16.697993290505234
17.02562668675503
17.562304573288777
18.303790691906705
19.226379600394466
20.316387529845933
21.539141803048658
22.87617664549977
24.304525735283466
25.79997034748071
27.34379122316858
28.909554138872096
30.47064289014994
32.010697046199084
33.504803111379566
34.93667419650318
36.28791578302158
37.53607375218981
38.64122147825078
39.59307692861451
40.370074676037774
40.94927897062299
41.30068058868012
41.40158571318605
41.247086247086244
40.82049199193101
40.14140407616217
39.24530490722285
38.1576235292389
36.91539850831131
35.54994943296783
34.08693484469458
32.561873580241304
30.985748210060446
29.38818142399083
27.795016709128728
26.25439641403745
24.763262631836472
23.342385742167792
22.015090953021986
20.787352908566913
19.678306857650387
18.71700684309329
17.931722001418862
17.3331512300128
16.932205133260812
16.745353299839994
16.788372351629086
17.008577837826945
17.43141926626403
18.067107813463217
18.882667725854414
19.85630492525758
20.96055430273974
22.186026464081316
23.51030857341828
24.905080320790006
26.360095227661443
27.8592002801646
29.386600549679656
30.91419616986784
32.419715237608145
33.88512430394729
35.27240208621526
36.56635712985932
37.73523038440367
38.768024953562154
39.62838943878743
40.29528951562101
40.74031171042665
40.9613448704711
40.9416742520744
40.676678514460164
40.16659403035843
39.43674596810122
38.50741114010053
37.405666276551834
36.1790310201158
34.83219749767232
33.39196719851247
31.88260834288738
30.344281354940026
28.80221523928346
27.2903992344333
25.819888833726424
24.42915445767525
23.11657430366161
21.894161657769743
20.774310636741337
19.788993537436802
18.964397353144154
18.315836598272107
17.849232919850568
17.56505905502748
17.47020428634244
17.5689055470262
17.846886954934497
18.307678893606173
18.949616075303098
19.757875959995776
20.726217951071977
21.83161728225294
23.04752723425796
24.35860741345759
25.743000257584434
27.189902871496034
28.67310584406912
30.16894337588325
31.646606338205316
33.08710195353428
34.47065611863179
35.76815503889066
36.95446953183543
38.01017643020054
38.9255268813255
39.6629701428763
40.20719953839869
40.52940003479787
40.61042519248866
40.45188502518036
40.06228267456501
39.454095346593036
38.64845068297737
37.65294815348741
36.48893707672945
35.194530984838124
33.801310658368806
32.336635429087465
30.842593267387315
29.343507982214838
27.86134969718064
26.417419693232823
25.041203066611416
23.72800595922364
22.494120371480612
21.36423940879842
20.353830054763318
19.488680669864987
18.78579819958082
18.254402732115096
17.900374205152062
17.731692767521356
17.746775841486524
17.93071203863214
18.292632616162603
18.83589806354302
19.554626159227514
20.42675655716562
21.44930613267153
22.591395970757873
23.846307970307333
25.1685898413125
26.566185576469195
28.007430872358587
29.475544449015736
30.936023747694502
32.36867044003736
33.745947981607856
35.06031227287585
36.28338147964149
37.40049787328174
38.35817419860061
39.16822349246815
39.795216224087504
40.22501122647971
40.440227010547225
40.43796002947381
40.20940297365648
39.741153911108924
39.06055867337323
38.169182810305585
37.11799837981588
35.903087480748354
34.59257185582788
33.186265798808414
31.734288128723396
30.24292325000378
28.76233920657226
27.312004769084094
25.887989467175764
24.54099378642052
23.289245940525642
22.155678697597327
21.127589400551052
20.221088032793983
19.438893051400985
18.807984523340785
18.32706111556024
18.020473188258425
17.91381154093004
17.995325511692524
18.266246344477395
18.715154964392138
19.334530031504237
20.114105908168757
21.036624550833242
22.08857525311138
23.238679308249914
24.470131697428073
25.777323231987825
27.137031514317385
28.526484122065316
29.927453865838114
31.32052599081646
32.67592644068292
33.977263465564974
35.19783590101429
36.322162647770334
37.32532284345093
38.203043153600966
38.922927773531335
39.462730964428054
39.787760338149816
39.88704217030458
39.75694814582455
39.406234846736275
38.84040997564634
38.081095045035326
37.15812655904401
36.08810998465551
34.9009567906607
33.61952965458151
32.262959007639864
30.85247229721227
29.432286739191944
28.026110436943885
26.653553589071798
25.34059039336749
24.100666920868797
22.956508238885863
21.927560405696614
21.020454542147938
20.232044642382217
19.590283523616183
19.095460409086414
18.764546003841925
18.600008592308633
18.603996009166266
18.776354871182455
19.117935028947915
19.62527653211604
20.29330553368198
21.114612449523875
22.065665023238868
23.127808527753853
24.27975654135823
25.508924688235034
26.801119992065615
28.135666108559377
29.494817249119876
30.851953526381863
32.19034067376439
33.487281184756924
34.71948315549558
35.87108189125124
36.919506211659105
37.84272609431291
38.6141503138527
39.20122203425424
39.59304731060849
39.75797222012151
39.70933324650234
39.427901749095085
38.93743982483943
38.24585080462438
37.36689233993803
36.350889250164
35.22835982577462
34.00020143370673
32.68991706441514
31.320676644945245
29.924159539897442
28.533536950447285
27.17436798117395
25.86007795601208
24.609323962608414
23.440685840873325
22.37037262908044
21.41876582195512
20.600620015883496
19.920599517070315
19.392800509195474
19.014436797209164
18.7927999551824
18.718036864603693
18.80288933443067
19.05876613975719
19.478310431214254
20.057118760075223
20.781873671391015
21.63480072426594
22.602326102310663
23.676540164848717
24.840844310121337
26.08025634070789
27.37163606030496
28.696899318008313
30.04303240982127
31.37805074034339
32.6841753820129
33.93419171057039
35.1177158077843
36.19794927345026
37.169424215577955
37.98873301300096
38.65182026586583
39.13260457966923
39.415721859621875
39.500347758820155
39.37152656226085
39.024524071354364
38.47175747579492
37.71578468367298
36.79426770034377
35.73340011599578
34.56484948046687
33.32204796353214
32.02779596969474
30.70794238760962
29.384051470898726
28.068361598911675
26.781699104960122
25.542526883999603
24.379119119045967
23.303171524443936
22.327877135815765
21.461608795847948
20.716049310844515
20.103570773627755
19.62009724223969
19.285097031566202
19.110752558321
19.103921266932225
19.265281316960586
19.5916833168199
20.07114768070058
20.699782482859288
21.46598218178591
22.35848942655342
23.35739749011508
24.447034634336557
25.613547768665455
26.839539994853798
28.10524070192724
29.39145407713207
30.678594199088803
31.944475261637972
33.17742597403462
34.3506581064669
35.44499788689826
36.439985967781695
37.29989271549015
38.01740740394082
38.555191653251995
38.89944231336484
39.04090452355523
38.98348173730155
38.71898386075853
38.26343313690826
37.61652935923493
36.791435006909055
35.81180963499158
34.709381332998824
33.51803807535401
32.26652974972654
30.97668550304863
29.678298394275593
28.385367703347573
27.12499160794716
25.921581125928732
24.77553548827035
23.701488384003223
22.71821119151872
21.83573562581373
21.06424512038389
20.42537150733872
19.93208209201292
19.58843382681068
19.400250341297994
19.36609037775357
19.488762059079544
19.760801038293476
20.1753725896429
20.721321091279176
21.402014608483334
22.205543308903586
23.123732885427053
24.143813684390587
25.2485290493632
26.423397933506262
27.65260495479235
28.92604653836659
30.2016258032505
31.471310085759242
32.70762467786239
33.89809409068947
35.01049172566957
36.02354008255235
36.91770772343944
37.653129071641395
38.24893951833607
38.65741936349848
38.891443762222764
38.90298775591818
38.74151960422358
38.37395577307191
37.82532293145428
37.11654694483228
36.260096269124425
35.2602488481663
34.17286265855133
32.99840016957312
31.750025111104794
30.482036905249686
29.19947868296157
27.92670289151005
26.689207315774905
25.502156793373075
24.38713194722287
23.362909621994636
22.4350124405298
21.618629138715725
20.928342819631077
20.371809027529544
19.96395412316678
19.707182690689805
19.6094141008297
19.659635781973904
19.85617252827284
20.19806324553334
20.673084802316023
21.273874289328877
21.99701158269666
22.831067675874994
23.768347540582578
24.791872315405495
25.890557563397515
27.047919506330725
28.24673821418577
29.466872574149455
30.690122744966427
31.898995309613575
33.07305885336893
34.19329024871575
35.22553079205485
36.15305073018893
36.96170900832296
37.608571039530794
38.08867924320986
38.37743818977445
38.467689642046125
38.3537364775756
38.04991468953756
37.55625667066208
36.903756550150206
36.096156084968925
35.154066334087
34.105090311986864
33.005140581174366
31.850624035980175
30.659256388923165
29.460415447008383
28.253521843832257
27.064078308153338
25.92324755038116
24.845599147659417
23.85038789165555
22.95479096778107
22.162682505964806
21.476782078288746
20.914330041494765
20.46695135103623
20.143551082324397
19.964242466000147
19.936466201207878
20.05746258654919
20.331176564428592
20.74427490037244
21.292464878671773
21.973012143346942
22.765425104347745
23.661980172901664
24.652095096814797
25.712112127979086
26.830279304200783
27.994948376337163
29.181328459969105
30.375802093887202
31.565519172375176
32.713191377213946
33.80858912091576
34.833792858869685
35.76434046600361
36.58958739676637
37.27802258792806
37.81128336904534
38.17865943654463
38.37526627720489
38.37542265795352
38.193224736943556
37.828998785701216
37.284792941845815
36.56976092850261
35.71767057416019
34.737642819013054
33.65695737965158
32.50709224102144
31.314558121434743
30.091670060568273
28.871347818713044
27.67039812725659
26.517641712865064
25.413004110913135
24.38856026551377
23.448525832281657
22.608292717383627
21.88180816769177
21.273189845207533
20.803053766507205
20.463614382806675
20.255779477240534
20.187383815332492
20.25210801911149
20.454385162515273
20.784055944262587
21.243032004702005
21.82431912377466
22.526369327651445
23.329056299029215
24.231439065903235
25.214854149143445
26.265923289419845
27.363821669825285
28.512728795683827
29.676625278325965
30.839982795870913
31.98301728792763
33.084153118635875
34.124865943453514
35.07775765646413
35.92397426628115
36.64651242764246
37.22354286495573
37.62981944914152
37.85647043657747
37.897124828916546
37.74832618329535
37.41991362823782
36.92081741909672
36.267178432966126
35.473372443750215
34.56446758317742
33.57085981356969
32.5190835916024
31.41909184533821
30.288280583133158
29.142896917150455
28.002165805465335
26.886814234803996
25.82060410927902
24.831950146541445
23.920667925329784
23.10206003832401
22.383577359709452
21.770280462134682
21.26626230810389
20.87749902427678
20.608564688750935
20.47670119851576
20.48720374477193
20.639926449274302
20.92396058959927
21.337408419778814
21.875750739753318
22.538447445426698
23.30293006445716
24.1600995356406
25.106362607945805
26.119637866350324
27.187957830765935
28.30127394757524
29.431008096474063
30.556941708405304
31.673971790163396
32.75794670997628
33.789920199556505
34.743452572779034
35.592815224506886
36.336812706927006
36.95391632067708
37.415835689599945
37.71727060578594
37.84171178207892
37.78220984997495
37.55638965230959
37.15498684911171
36.61479370123312
35.92009117090453
35.09250459817912
34.14832538629007
33.12749176820623
32.03903917429041
30.899236935754956
29.75173851473263
28.616466525572886
27.4950750410718
26.419779795551033
25.39412631557252
24.445586313486277
23.582183957154122
22.811571085786525
22.148623476854468
21.592282727969348
21.166212226750684
20.86945038427822
20.699445518184174
20.67452207750347
20.784220515896227
21.019330162504954
21.381525637008412
21.860372744658413
22.441655808178876
23.125174742021322
23.91281576542691
24.781954961923454
25.720778981570284
26.719820049294484
27.768538090674845
28.847760021244785
29.94332503365207
31.027669761621326
32.08622633919134
33.10481983271205
34.06038363380765
34.92623797023576
35.69550615646753
36.335557350486084
36.84970713842894
37.20757991312488
37.40453793688431
37.4122069902756
37.23692208771346
36.885918881659244
36.370710871888484
35.68602238991208
34.89323387034
33.99638913149292
33.01371209388705
31.972975221361008
30.893121020057553
29.799982920872402
28.71056773355797
27.64496311036033
26.62511707109408
25.665964847972248
24.761499006700397
23.924612863791516
23.168040984947275
22.515472724908214
21.960517405001237
21.521848764454546
21.20542624344343
21.026085705680597
20.9576259034143
21.019899878284384
21.231974010378607
21.558673497559894
21.98627745413757
22.541329370353367
23.153676235070268
23.887280122401627
24.702009375716102
25.597566539923953
26.53669074199587
27.557325783181977
28.58333376392185
29.644733108888765
30.69886090142024
31.74448431028515
32.75137802012785
33.71616421134018
34.61152737619583
35.40973725638415
36.09021524948327
36.6491677811217
37.0334166058898
37.28500380978936
37.345682165295514
37.22011151691463
36.92769836914629
36.488506194547725
35.90410276255847
35.18390667079222
34.35487242125283
33.43584644922844
32.44252599930188
31.416086757575627
30.360320980387016
29.31120534419931
28.25395156361601
27.23099229072233
26.246912064441386
25.332793625116796
24.484358691231467
23.72244854964123
23.053443687736138
22.480308021060747
22.02409062906599
21.675898271336774
21.41889509939532
21.308829704661733
21.307061906052866
21.424850534452563
21.662712301504932
22.011294081671863
22.484854287107808
23.058848136970987
23.73775184603415
24.501577662142502
25.313370938601253
26.23656619713569
27.205357562982876
28.200160211945622
29.256426738653328
30.28926083330865
31.318115724385837
32.34188655235095
33.31267217920935
34.18253874049348
35.002710973553455
35.68926417129435
36.267970041495815
36.70186173573394
36.97633106583234
37.09237998294827
37.030492532672476
36.81323630140426
36.44204361697478
35.92490256292447
35.279904825033796
34.52253269719359
33.66235730534169
32.71231678747358
31.716058257208307
30.66904610495882
29.618422802685526
28.578637392055455
27.560460200089757
26.58255263155305
25.660031684224613
24.801652113974587
24.0245804909046
23.335799963023195
22.74601963523583
22.2672670383931
21.90227563243905
21.650491106900088
21.515091526881257
21.502120354264015
21.610535274123663
21.830157104626103
22.165411937741187
22.601638922550666
23.137876073120594
23.767560141871858
24.484076532580062
25.280579845788008
26.147852932342843
27.063236703951205
28.02661832331093
29.02096090835557
30.027461998630717
31.030455351716835
32.00572344557087
32.97948372317001
33.86564316023055
34.675788330124846
35.38853493152668
35.98934958032569
36.45491663322018
36.78343585815469
36.95681799194715
36.96906548767266
36.82613646920818
36.522317174908686
36.073109637575826
35.45935178940858
34.7800648443324
33.94751157257887
33.0700526498535
32.090222401573236
31.07382306346566
30.044225925407407
29.03536612698457
28.046994898586522
27.085895722910934
26.179456077913883
25.329780843837778
24.557034737472005
23.869682360964337
23.277116033261038
22.70408764132201
22.376016511370157
22.127996649489265
21.972371250801775
21.92002925019078
21.97825891681295
22.15544836335207
22.443990594407765
22.834642408105907
23.321457120892372
23.90779806475407
24.574529819337467
25.31635150166852
26.13190945204207
27.001441372367612
27.915784721473116
28.86632746276322
29.833896882935267
30.80097861857278
31.761551256111346
32.68669258222289
33.56002022602891
34.36921642811781
35.08839898187636
35.70767464536431
36.200198186000506
36.55437160229349
36.79759890801962
36.84635101066528
36.73659942868543
36.46824933754698
36.042677450425266
35.5281990005598
34.81115992619861
34.0539900023899
33.166989735083895
32.247030973409345
31.281857307999292
30.296367054529117
29.29616444987573
28.300994215783053
27.338436200639403
26.41924217012534
25.561883493153204
24.779384909510014
24.08030871999837
23.46619496623188
22.94745848253508
22.535937628369947
22.230193591220694
22.034251283735713
21.948278243803916
21.97419602091839
22.096754649664366
22.33105607292455
22.671689399120396
23.100357249747503
23.641722371733657
24.261661868596725
24.963376773549044
25.730823678018055
26.567123319895437
27.45240363916121
28.37421239747116
29.318107634384877
30.271436948921735
31.210304423887685
32.11875394017219
32.98399971285076
33.78916467017175
34.51893302883191
35.143078740002956
35.658720726092284
36.04606721401204
36.291320120091875
36.38785290134389
36.33193493819128
36.12666724445287
35.766267954176655
35.26628290179028
34.640507684861696
33.91358458634381
33.09760291668342
32.21036623686955
31.287947492141818
30.332711033770074
29.374221344720446
28.417785113605877
27.50094283228882
26.628420013137138
25.807778368458834
25.05436166429498
24.377650153512224
23.773424115967494
23.247236437469585
22.82589036247224
22.49988377164785
22.273340040266795
22.158661515547863
22.148970957115658
22.2494482753585
22.44911408166136
22.75032568139184
23.158003298151872
23.662302823648336
24.250159659854766
24.914332653156976
25.647986314863306
26.440266048098845
27.28284960120126
28.155290440115575
29.056924563963335
29.958465051059736
30.856921700948135
31.725524885554535
32.57879456331969
33.370574740944775
34.08859180934139
34.71565230612951
35.23770179034748
35.640919976306506
35.87843246588104
35.97710897810399
35.92945200167482
35.73757430606815
35.46047058624955
35.062050936387905
34.547404538609065
33.927636320880175
33.212923757901265
32.42546884210691
31.577808661787547
30.69374759085104
29.782693859387166
28.87186354862248
27.987304229048142
27.098780632924612
26.285007400207647
25.533766691502223
24.84901586463036
24.244839783037538
23.726081450295457
23.29339548093771
22.959044908164735
22.72063341105248
22.586098803341564
22.551568186271943
22.62169948484832
22.7932545770332
23.057302566792576
23.42223499589125
23.876604385888207
24.416254080584757
25.033552981190926
25.721838878256357
26.473068457135472
27.27433668956732
28.12011610596476
28.997303986889513
29.885420872132936
30.778284993882863
31.650476553274522
32.49254140361218
33.28997532433266
34.01627380476761
34.66145707720684
35.202398370252794
35.62900039659982
35.92967408504391
36.09284387212506
36.108865107676046
36.023504523069995
35.75463772501146
35.34485044025099
34.81453271070842
34.19993028330676
33.446519625038846
32.66350992664656
31.790445410975416
30.87416295922043
29.953225622835642
29.038844860625233
28.142292267131
27.268301883887258
26.427630309545464
25.66165826012428
24.949754671983737
24.313796663560773
23.761241129580124
23.286411656584708
22.905075591189252
22.651977847548753
22.480081134138928
22.416052888588386
22.459093701800228
22.598972057868327
22.836854335955326
23.164024011404056
23.58170705313922
24.079526852194117
24.65417828509165
25.30201602077831
26.01134822788243
26.77298060863076
27.581350459642803
28.416874292488156
29.272467273741583
30.129836892210903
30.976633178546418
31.79666743496795
32.57385047689607
33.28897819352089
33.92697665465573
34.47552808450956
34.915254057691136
35.233511291041744
35.42283727877822
35.473937652221146
35.39198040808662
35.16957486687632
34.841103848281016
34.369127687761136
33.790121533153474
33.11964458132216
32.37450463746044
31.566179337563582
30.713312111269815
29.848290470860775
28.968340497813962
28.093269217596205
27.24554606353046
26.446288340799498
25.69818122011723
25.01638903927295
24.404087131204214
23.873316043539614
23.430542072597763
23.072275644416766
22.80791566116664
22.6392360138156
22.563324405138246
22.586984321544822
22.703176009760483
22.91222154523275
23.21129995052534
23.596868009636736
24.062856318770674
24.60437730250605
25.21810738396929
25.892347641743363
26.62248294606921
27.395050271958567
28.203003532043144
29.029350570679053
29.863240005915717
30.69033282724882
31.496664785470152
32.26176598932928
32.97608860818447
33.618897209023146
34.175443036481994
34.63198099294471
34.97803042352617
35.199931859688476
35.29475411676523
35.25045300309946
35.0726680405133
34.77024655358698
34.351278946260145
33.820323158823996
33.19602494539489
32.49624988506653
31.735036734622913
30.931657947629414
30.104633589354517
29.269092138875525
28.43440823466029
27.614604885506942
26.832203985343572
26.09404512328313
25.409595130214324
24.78931192932832
24.241308944397613
23.77602641358582
23.394349886916647
23.106050626789365
22.908916614807584
22.8082400731847
22.803316623298908
22.893611258886686
23.07869153801215
23.355572149220016
23.71682702885579
24.16114358431464
24.68665546961937
25.278360220215433
25.93445949328692
26.643848077235752
27.399061689677517
28.187564595626853
28.999239211722706
29.818094896958105
30.631254473301876
31.428453102832663
32.18965032251806
32.89816634124971
33.54420264187195
34.108906214680125
34.577096669899774
34.93513202133194
35.17561732299073
35.29040594341277
35.273547883025536
35.121466604219265
34.84921556345511
34.451448798957024
33.945802779787684
33.3490262052995
32.67204116260715
31.93312080884402
31.147036670490046
30.3383893848238
29.51635838216575
28.700655020307728
27.90015313206919
27.130515742192685
26.407899181754637
25.760600378942275
25.151343434350945
24.634738628953173
24.166769862132355
23.791430719218404
23.495620734848828
23.29559397039963
23.179320787040155
23.159262196437947
23.23296307992534
23.390752431671363
23.639477791968215
23.995798143546185
24.396837947466054
24.889613077077975
25.446206008029016
26.06824912585893
26.7411066419608
27.45369621710222
28.20451226031273
28.970228401402483
29.75002383860638
30.531131198783477
31.304447629955646
32.04308659383649
32.736838076723046
33.37256802938162
33.93047313659531
34.39083923541798
34.757953425796394
35.00668700984092
35.13807637285508
35.13836398066144
35.01604579254381
34.76747934182035
34.4027705427772
33.92863275894652
33.35942042744606
32.71091205989362
31.998033705999188
31.22853948680872
30.433520339771412
29.621065226015432
28.81782945736434
28.008833639186733
27.241307436593726
26.511118990883297
25.837912167344168
25.22422394480113
24.67786474250985
24.211075461093856
23.809107471401838
23.50456064722529
23.28851732690315
23.15852834275282
23.1278201750978
23.166493927717895
23.29920098134199
23.51940476998905
23.82654613077183
24.204052105385085
24.67184035982273
25.19758634321
25.792759728732918
26.44169158137689
27.13549355176833
27.86850570773389
28.62796899869839
29.405191981562815
30.1779580516554
30.94291485849023
31.686793589924314
32.38578744482449
33.02836354236812
33.60153874274704
34.08812610955025
34.47654920153369
34.752852879020324
34.908866885648585
34.945616665750755
34.85881464210284
34.64382902244349
34.316050721095
33.86872315091186
33.318641411189624
32.68842892838186
31.988102578232432
31.25833580686653
30.46123174284897
29.66688824876283
28.859240485367472
28.064179804253435
27.305305078203865
26.585434441701718
25.910106768923683
25.294947357007423
24.74893287223237
24.272932243355562
23.877437174346817
23.559336594678438
23.328355770830306
23.187938302981085
23.135195648729997
23.168311781136644
23.29232269655491
23.494781228617814
23.78321560278295
24.149384000346508
24.589958974779695
25.097379273949016
25.66819278250027
26.291320090986233
26.961608671063622
27.667351504632215
28.40327857943013
29.16372652945945
29.91971496172258
30.654912228149207
31.380031258592904
32.064363866984664
32.69377133554643
33.263807413081075
33.74836441644448
34.14109701841899
34.43289128132046
34.60259641377158
34.65542209430943
34.60189788306158
34.39378414059566
34.091102763665184
33.68157658003763
33.18372739557619
32.5872157459707
31.929503527892958
31.227232970712553
30.488486335957155
29.73283179371557
28.97634368545267
28.222331068396258
27.485670784284025
26.787961159806564
26.132673148579325
25.531236239091182
24.992579811215062
24.521092843593465
24.126169403141773
23.80517924433728
23.568110057952424
23.410862221140093
23.34360111569417
23.359955673528823
23.456509805509896
23.640731941959967
23.902422845358537
24.25227546673432
24.668584964102582
25.15096579095041
25.694369910572046
26.286251679355125
26.926052824490544
27.601427413205382
28.299759047457087
29.019844062178755
29.734662883984793
30.443232996612753
31.135335777041124
31.80119272473396
32.42578525269781
32.98402084881792
33.46747579438598
33.862947621712905
34.164066517105105
